809,810,811,812,813,814,815,816,817,818,819,820,821,822,823,824,825,826,827,828,829
1073,1074,1075,1076,1077,1078,1079,1080,1081,1082,1083,1084,1085,1086
1303,1304,1305,1306,1307,1308,1309,1310,1311,1312,1313,1314,1315,1316
1594,1595,1596,1597,1598,1599,1600,1601,1602,1603,1604,1605,1606,1607,1608,1609,1610,1611,1612,1613,1614,1615,1616,1617,1618,1619,1620,1621,1622
1712,1713,1714,1715,1716,1717,1718,1719,1720,1721,1722,1723,1724,1725
1762,1763,1764,1765,1766,1767,1768,1769,1770,1771,1772,1773,1774,1775
2583,2584,2585,2586,2587,2588,2589,2590,2591,2592,2593,2594,2595,2596,2597
2926,2927,2928,2929,2930,2931,2932,2933,2934,2935,2936,2937,2938,2939
2967,2968,2969,2970,2971,2972,2973,2974,2975,2976,2977,2978,2979,2980,2981,2982,2983,2984,2985,2986,2987,2988,2989
3092,3093,3094,3095,3096,3097,3098,3099,3100,3101,3102,3103,3104,3105,3106,3107,3108,3109,3110,3111
3962,3963,3964,3965,3966,3967,3968,3969,3970,3971,3972,3973,3974,3975,3976,3977,3978
4270,4271,4272,4273,4274,4275,4276,4277,4278,4279,4280,4281,4282,4283,4284,4285
4631,4632,4633,4634,4635,4636,4637,4638,4639,4640,4641,4642,4643,4644,4645,4646,4647
4846,4847,4848,4849,4850,4851,4852,4853,4854,4855,4856,4857,4858,4859,4860,4861,4862,4863,4864,4865,4866,4867,4868,4869
4916,4917,4918,4919,4920,4921,4922,4923,4924,4925,4926,4927,4928,4929,4930,4931,4932,4933,4934,4935,4936,4937,4938,4939,4940,4941,4942,4943,4944,4945,4946
5073,5074,5075,5076,5077,5078,5079,5080,5081,5082,5083,5084,5085,5086,5087,5088,5089
5113,5114,5115,5116,5117,5118,5119,5120,5121,5122,5123,5124,5125,5126,5127,5128,5129,5130,5131,5132,5133,5134,5135,5136
5420,5421,5422,5423,5424,5425,5426,5427,5428,5429,5430,5431,5432,5433,5434,5435,5436,5437,5438,5439,5440
5475,5476,5477,5478,5479,5480,5481,5482,5483,5484,5485,5486,5487,5488,5489,5490,5491,5492
5827,5828,5829,5830,5831,5832,5833,5834,5835,5836,5837,5838,5839,5840,5841,5842
6171,6172,6173,6174,6175,6176,6177,6178,6179,6180,6181,6182,6183,6184,6185,6186,6187
6749,6750,6751,6752,6753,6754,6755,6756,6757,6758,6759,6760,6761,6762,6763,6764,6765
6796,6797,6798,6799,6800,6801,6802,6803,6804,6805,6806,6807,6808,6809,6810,6811
6971,6972,6973,6974,6975,6976,6977,6978,6979,6980,6981,6982,6983,6984,6985,6986
7804,7805,7806,7807,7808,7809,7810,7811,7812,7813,7814,7815,7816,7817,7818,7819,7820,7821,7822
7858,7859,7860,7861,7862,7863,7864,7865,7866,7867,7868,7869,7870,7871,7872
8478,8479,8480,8481,8482,8483,8484,8485,8486,8487,8488,8489,8490,8491,8492,8493,8494,8495,8496
8569,8570,8571,8572,8573,8574,8575,8576,8577,8578,8579,8580,8581,8582,8583
9015,9016,9017,9018,9019,9020,9021,9022,9023,9024,9025,9026,9027,9028,9029,9030,9031,9032,9033,9034
9355,9356,9357,9358,9359,9360,9361,9362,9363,9364,9365,9366,9367,9368,9369,9370
9657,9658,9659,9660,9661,9662,9663,9664,9665,9666,9667,9668,9669,9670,9671,9672,9673,9674
9811,9812,9813,9814,9815,9816,9817,9818,9819,9820,9821,9822,9823,9824,9825,9826
10040,10041,10042,10043,10044,10045,10046,10047,10048,10049,10050,10051,10052,10053,10054
10244,10245,10246,10247,10248,10249,10250,10251,10252,10253,10254,10255,10256,10257,10258,10259,10260,10261,10262,10263,10264,10265,10266
10441,10442,10443,10444,10445,10446,10447,10448,10449,10450,10451,10452,10453,10454,10455
11055,11056,11057,11058,11059,11060,11061,11062,11063,11064,11065,11066,11067,11068,11069
11347,11348,11349,11350,11351,11352,11353,11354,11355,11356,11357,11358,11359,11360,11361,11362,11363
11578,11579,11580,11581,11582,11583,11584,11585,11586,11587,11588,11589,11590,11591,11592,11593,11594,11595
12633,12634,12635,12636,12637,12638,12639,12640,12641,12642,12643,12644,12645,12646,12647,12648
12927,12928,12929,12930,12931,12932,12933,12934,12935,12936,12937,12938,12939,12940,12941
13236,13237,13238,13239,13240,13241,13242,13243,13244,13245,13246,13247,13248,13249,13250,13251,13252,13253,13254
13558,13559,13560,13561,13562,13563,13564,13565,13566,13567,13568,13569,13570,13571,13572,13573,13574,13575,13576,13577,13578,13579,13580,13581
14209,14210,14211,14212,14213,14214,14215,14216,14217,14218,14219,14220,14221,14222,14223,14224,14225,14226
15030,15031,15032,15033,15034,15035,15036,15037,15038,15039,15040,15041,15042,15043,15044,15045
15896,15897,15898,15899,15900,15901,15902,15903,15904,15905,15906,15907,15908,15909,15910,15911,15912,15913
16545,16546,16547,16548,16549,16550,16551,16552,16553,16554,16555,16556,16557,16558,16559,16560,16561,16562,16563
16568,16569,16570,16571,16572,16573,16574,16575,16576,16577,16578,16579,16580,16581,16582,16583,16584,16585,16586,16587,16588,16589,16590,16591,16592
16797,16798,16799,16800,16801,16802,16803,16804,16805,16806,16807,16808,16809,16810,16811,16812,16813,16814,16815
17186,17187,17188,17189,17190,17191,17192,17193,17194,17195,17196,17197,17198,17199,17200,17201,17202,17203
17846,17847,17848,17849,17850,17851,17852,17853,17854,17855,17856,17857,17858,17859,17860
17860,17861,17862,17863,17864,17865,17866,17867,17868,17869,17870,17871,17872,17873,17874,17875,17876,17877
18029,18030,18031,18032,18033,18034,18035,18036,18037,18038,18039,18040,18041,18042,18043,18044,18045,18046
18106,18107,18108,18109,18110,18111,18112,18113,18114,18115,18116,18117,18118,18119,18120,18121,18122,18123,18124
18137,18138,18139,18140,18141,18142,18143,18144,18145,18146,18147,18148,18149,18150,18151
18163,18164,18165,18166,18167,18168,18169,18170,18171,18172,18173,18174,18175,18176,18177
18170,18171,18172,18173,18174,18175,18176,18177,18178,18179,18180,18181,18182,18183,18184,18185,18186
18249,18250,18251,18252,18253,18254,18255,18256,18257,18258,18259,18260,18261,18262,18263,18264,18265,18266,18267,18268,18269,18270
18347,18348,18349,18350,18351,18352,18353,18354,18355,18356,18357,18358,18359,18360,18361,18362,18363,18364,18365,18366
18403,18404,18405,18406,18407,18408,18409,18410,18411,18412,18413,18414,18415,18416,18417
18426,18427,18428,18429,18430,18431,18432,18433,18434,18435,18436,18437,18438,18439,18440,18441
18461,18462,18463,18464,18465,18466,18467,18468,18469,18470,18471,18472,18473,18474,18475,18476
18606,18607,18608,18609,18610,18611,18612,18613,18614,18615,18616,18617,18618,18619,18620,18621,18622,18623
18637,18638,18639,18640,18641,18642,18643,18644,18645,18646,18647,18648,18649,18650,18651
18686,18687,18688,18689,18690,18691,18692,18693,18694,18695,18696,18697,18698,18699,18700
18767,18768,18769,18770,18771,18772,18773,18774,18775,18776,18777,18778,18779,18780,18781,18782,18783,18784,18785,18786
18811,18812,18813,18814,18815,18816,18817,18818,18819,18820,18821,18822,18823,18824,18825
18826,18827,18828,18829,18830,18831,18832,18833,18834,18835,18836,18837,18838,18839,18840,18841,18842,18843,18844,18845,18846
18867,18868,18869,18870,18871,18872,18873,18874,18875,18876,18877,18878,18879,18880,18881,18882,18883,18884,18885,18886,18887,18888,18889,18890,18891
19017,19018,19019,19020,19021,19022,19023,19024,19025,19026,19027,19028,19029,19030,19031
19750,19751,19752,19753,19754,19755,19756,19757,19758,19759,19760,19761,19762,19763,19764
20022,20023,20024,20025,20026,20027,20028,20029,20030,20031,20032,20033,20034,20035,20036
20037,20038,20039,20040,20041,20042,20043,20044,20045,20046,20047,20048,20049,20050,20051,20052,20053,20054,20055,20056,20057,20058,20059
20238,20239,20240,20241,20242,20243,20244,20245,20246,20247,20248,20249,20250,20251,20252,20253,20254
20523,20524,20525,20526,20527,20528,20529,20530,20531,20532,20533,20534,20535,20536,20537,20538,20539,20540
21106,21107,21108,21109,21110,21111,21112,21113,21114,21115,21116,21117,21118,21119,21120,21121,21122,21123,21124
21415,21416,21417,21418,21419,21420,21421,21422,21423,21424,21425,21426,21427,21428,21429,21430,21431,21432,21433,21434,21435
21800,21801,21802,21803,21804,21805,21806,21807,21808,21809,21810,21811,21812,21813,21814,21815,21816,21817
22003,22004,22005,22006,22007,22008,22009,22010,22011,22012,22013,22014,22015,22016,22017,22018,22019,22020,22021,22022,22023,22024
22069,22070,22071,22072,22073,22074,22075,22076,22077,22078,22079,22080,22081,22082,22083,22084,22085,22086,22087
22691,22692,22693,22694,22695,22696,22697,22698,22699,22700,22701,22702,22703,22704,22705,22706,22707,22708,22709,22710,22711,22712,22713,22714,22715,22716,22717
22721,22722,22723,22724,22725,22726,22727,22728,22729,22730,22731,22732,22733,22734,22735,22736,22737,22738
22807,22808,22809,22810,22811,22812,22813,22814,22815,22816,22817,22818,22819,22820,22821,22822,22823,22824,22825,22826,22827,22828
25263,25264,25265,25266,25267,25268,25269,25270,25271,25272,25273,25274,25275,25276,25277,25278,25279,25280,25281,25282,25283
25600,25601,25602,25603,25604,25605,25606,25607,25608,25609,25610,25611,25612,25613,25614
25789,25790,25791,25792,25793,25794,25795,25796,25797,25798,25799,25800,25801,25802,25803,25804,25805,25806,25807,25808,25809,25810,25811,25812,25813,25814
25816,25817,25818,25819,25820,25821,25822,25823,25824,25825,25826,25827,25828,25829,25830,25831,25832,25833,25834,25835,25836
26587,26588,26589,26590,26591,26592,26593,26594,26595,26596,26597,26598,26599,26600,26601,26602,26603,26604,26605,26606,26607,26608,26609,26610,26611
27150,27151,27152,27153,27154,27155,27156,27157,27158,27159,27160,27161,27162,27163,27164,27165,27166,27167,27168,27169,27170,27171,27172,27173,27174,27175,27176,27177,27178,27179,27180,27181,27182,27183,27184
27948,27949,27950,27951,27952,27953,27954,27955,27956,27957,27958,27959,27960,27961,27962,27963,27964,27965,27966,27967
28232,28233,28234,28235,28236,28237,28238,28239,28240,28241,28242,28243,28244,28245,28246,28247,28248,28249,28250,28251,28252,28253,28254,28255,28256,28257,28258,28259,28260,28261,28262,28263,28264
28483,28484,28485,28486,28487,28488,28489,28490,28491,28492,28493,28494,28495,28496,28497,28498,28499,28500
29284,29285,29286,29287,29288,29289,29290,29291,29292,29293,29294,29295,29296,29297,29298,29299
29455,29456,29457,29458,29459,29460,29461,29462,29463,29464,29465,29466,29467,29468,29469
29714,29715,29716,29717,29718,29719,29720,29721,29722,29723,29724,29725,29726,29727,29728,29729,29730
29952,29953,29954,29955,29956,29957,29958,29959,29960,29961,29962,29963,29964,29965,29966
30557,30558,30559,30560,30561,30562,30563,30564,30565,30566,30567,30568,30569,30570,30571,30572,30573,30574
31242,31243,31244,31245,31246,31247,31248,31249,31250,31251,31252,31253,31254,31255,31256,31257,31258
31639,31640,31641,31642,31643,31644,31645,31646,31647,31648,31649,31650,31651,31652,31653
31911,31912,31913,31914,31915,31916,31917,31918,31919,31920,31921,31922,31923,31924,31925,31926,31927,31928,31929,31930
32084,32085,32086,32087,32088,32089,32090,32091,32092,32093,32094,32095,32096,32097,32098
32191,32192,32193,32194,32195,32196,32197,32198,32199,32200,32201,32202,32203,32204,32205,32206,32207,32208,32209,32210,32211
32246,32247,32248,32249,32250,32251,32252,32253,32254,32255,32256,32257,32258,32259,32260,32261,32262,32263,32264,32265,32266,32267,32268,32269,32270,32271,32272,32273,32274,32275,32276,32277,32278,32279,32280,32281,32282,32283,32284,32285,32286
32369,32370,32371,32372,32373,32374,32375,32376,32377,32378,32379,32380,32381,32382,32383,32384,32385,32386,32387,32388,32389,32390,32391,32392,32393,32394,32395,32396,32397,32398,32399,32400,32401,32402,32403,32404,32405,32406,32407,32408,32409,32410,32411
32443,32444,32445,32446,32447,32448,32449,32450,32451,32452,32453,32454,32455,32456,32457
32479,32480,32481,32482,32483,32484,32485,32486,32487,32488,32489,32490,32491,32492,32493,32494,32495,32496,32497,32498,32499,32500,32501,32502,32503,32504,32505,32506
32515,32516,32517,32518,32519,32520,32521,32522,32523,32524,32525,32526,32527,32528,32529,32530,32531
32688,32689,32690,32691,32692,32693,32694,32695,32696,32697,32698,32699,32700,32701,32702,32703,32704,32705,32706
32717,32718,32719,32720,32721,32722,32723,32724,32725,32726,32727,32728,32729,32730,32731,32732,32733,32734,32735,32736,32737,32738,32739,32740,32741,32742,32743,32744
32750,32751,32752,32753,32754,32755,32756,32757,32758,32759,32760,32761,32762,32763,32764,32765,32766
32853,32854,32855,32856,32857,32858,32859,32860,32861,32862,32863,32864,32865,32866,32867,32868,32869,32870,32871,32872,32873,32874,32875,32876,32877,32878
32890,32891,32892,32893,32894,32895,32896,32897,32898,32899,32900,32901,32902,32903,32904,32905,32906,32907,32908,32909,32910,32911,32912,32913,32914,32915,32916,32917,32918,32919,32920,32921,32922,32923,32924,32925,32926,32927,32928,32929,32930,32931
32934,32935,32936,32937,32938,32939,32940,32941,32942,32943,32944,32945,32946,32947,32948,32949,32950,32951,32952,32953,32954,32955,32956,32957,32958,32959,32960
32982,32983,32984,32985,32986,32987,32988,32989,32990,32991,32992,32993,32994,32995,32996,32997,32998,32999
33045,33046,33047,33048,33049,33050,33051,33052,33053,33054,33055,33056,33057,33058,33059,33060,33061
33255,33256,33257,33258,33259,33260,33261,33262,33263,33264,33265,33266,33267,33268,33269,33270,33271
33272,33273,33274,33275,33276,33277,33278,33279,33280,33281,33282,33283,33284,33285,33286,33287,33288,33289,33290
33336,33337,33338,33339,33340,33341,33342,33343,33344,33345,33346,33347,33348,33349,33350,33351,33352,33353,33354,33355,33356,33357,33358,33359,33360,33361,33362,33363
33818,33819,33820,33821,33822,33823,33824,33825,33826,33827,33828,33829,33830,33831,33832,33833,33834
34005,34006,34007,34008,34009,34010,34011,34012,34013,34014,34015,34016,34017,34018,34019,34020,34021
34177,34178,34179,34180,34181,34182,34183,34184,34185,34186,34187,34188,34189,34190,34191,34192,34193,34194
34218,34219,34220,34221,34222,34223,34224,34225,34226,34227,34228,34229,34230,34231,34232,34233,34234,34235,34236,34237,34238,34239,34240,34241,34242,34243,34244,34245
34375,34376,34377,34378,34379,34380,34381,34382,34383,34384,34385,34386,34387,34388,34389,34390,34391,34392,34393,34394,34395,34396
34420,34421,34422,34423,34424,34425,34426,34427,34428,34429,34430,34431,34432,34433,34434,34435,34436,34437,34438,34439
34486,34487,34488,34489,34490,34491,34492,34493,34494,34495,34496,34497,34498,34499,34500,34501,34502,34503,34504,34505,34506,34507,34508,34509,34510
34552,34553,34554,34555,34556,34557,34558,34559,34560,34561,34562,34563,34564,34565,34566,34567,34568
34763,34764,34765,34766,34767,34768,34769,34770,34771,34772,34773,34774,34775,34776,34777
34864,34865,34866,34867,34868,34869,34870,34871,34872,34873,34874,34875,34876,34877,34878,34879,34880,34881
35034,35035,35036,35037,35038,35039,35040,35041,35042,35043,35044,35045,35046,35047,35048,35049
35592,35593,35594,35595,35596,35597,35598,35599,35600,35601,35602,35603,35604,35605,35606
35745,35746,35747,35748,35749,35750,35751,35752,35753,35754,35755,35756,35757,35758,35759,35760,35761
35941,35942,35943,35944,35945,35946,35947,35948,35949,35950,35951,35952,35953,35954,35955,35956,35957,35958
35968,35969,35970,35971,35972,35973,35974,35975,35976,35977,35978,35979,35980,35981,35982,35983,35984,35985,35986,35987,35988,35989
36006,36007,36008,36009,36010,36011,36012,36013,36014,36015,36016,36017,36018,36019,36020,36021,36022
36109,36110,36111,36112,36113,36114,36115,36116,36117,36118,36119,36120,36121,36122,36123,36124,36125,36126,36127
36143,36144,36145,36146,36147,36148,36149,36150,36151,36152,36153,36154,36155,36156,36157
36405,36406,36407,36408,36409,36410,36411,36412,36413,36414,36415,36416,36417,36418,36419,36420
36502,36503,36504,36505,36506,36507,36508,36509,36510,36511,36512,36513,36514,36515,36516,36517,36518
36603,36604,36605,36606,36607,36608,36609,36610,36611,36612,36613,36614,36615,36616,36617,36618
36626,36627,36628,36629,36630,36631,36632,36633,36634,36635,36636,36637,36638,36639,36640,36641,36642,36643,36644,36645,36646,36647
36861,36862,36863,36864,36865,36866,36867,36868,36869,36870,36871,36872,36873,36874,36875,36876
36987,36988,36989,36990,36991,36992,36993,36994,36995,36996,36997,36998,36999,37000,37001
37109,37110,37111,37112,37113,37114,37115,37116,37117,37118,37119,37120,37121,37122,37123,37124,37125,37126,37127,37128,37129,37130,37131,37132,37133,37134,37135
37136,37137,37138,37139,37140,37141,37142,37143,37144,37145,37146,37147,37148,37149,37150,37151,37152,37153,37154,37155,37156,37157,37158,37159,37160
37208,37209,37210,37211,37212,37213,37214,37215,37216,37217,37218,37219,37220,37221,37222,37223,37224
37243,37244,37245,37246,37247,37248,37249,37250,37251,37252,37253,37254,37255,37256,37257
37323,37324,37325,37326,37327,37328,37329,37330,37331,37332,37333,37334,37335,37336,37337,37338,37339,37340,37341,37342,37343,37344,37345,37346
37384,37385,37386,37387,37388,37389,37390,37391,37392,37393,37394,37395,37396,37397,37398,37399,37400,37401,37402
37427,37428,37429,37430,37431,37432,37433,37434,37435,37436,37437,37438,37439,37440,37441,37442
37549,37550,37551,37552,37553,37554,37555,37556,37557,37558,37559,37560,37561,37562,37563,37564,37565
37991,37992,37993,37994,37995,37996,37997,37998,37999,38000,38001,38002,38003,38004,38005
38050,38051,38052,38053,38054,38055,38056,38057,38058,38059,38060,38061,38062,38063,38064,38065,38066,38067,38068,38069,38070,38071,38072,38073,38074,38075
38116,38117,38118,38119,38120,38121,38122,38123,38124,38125,38126,38127,38128,38129,38130
38210,38211,38212,38213,38214,38215,38216,38217,38218,38219,38220,38221,38222,38223,38224,38225,38226,38227,38228,38229,38230,38231,38232,38233,38234,38235
38299,38300,38301,38302,38303,38304,38305,38306,38307,38308,38309,38310,38311,38312,38313,38314,38315,38316
38318,38319,38320,38321,38322,38323,38324,38325,38326,38327,38328,38329,38330,38331,38332,38333,38334,38335,38336,38337,38338,38339
38371,38372,38373,38374,38375,38376,38377,38378,38379,38380,38381,38382,38383,38384,38385,38386,38387,38388,38389
38445,38446,38447,38448,38449,38450,38451,38452,38453,38454,38455,38456,38457,38458,38459,38460,38461,38462
38484,38485,38486,38487,38488,38489,38490,38491,38492,38493,38494,38495,38496,38497,38498
38530,38531,38532,38533,38534,38535,38536,38537,38538,38539,38540,38541,38542,38543,38544,38545,38546,38547,38548
38561,38562,38563,38564,38565,38566,38567,38568,38569,38570,38571,38572,38573,38574,38575,38576,38577,38578,38579,38580,38581,38582
38590,38591,38592,38593,38594,38595,38596,38597,38598,38599,38600,38601,38602,38603,38604,38605,38606,38607,38608,38609,38610,38611
38612,38613,38614,38615,38616,38617,38618,38619,38620,38621,38622,38623,38624,38625,38626,38627,38628,38629,38630
38738,38739,38740,38741,38742,38743,38744,38745,38746,38747,38748,38749,38750,38751,38752
38820,38821,38822,38823,38824,38825,38826,38827,38828,38829,38830,38831,38832,38833,38834,38835,38836,38837,38838,38839,38840,38841,38842
39000,39001,39002,39003,39004,39005,39006,39007,39008,39009,39010,39011,39012,39013,39014,39015
39257,39258,39259,39260,39261,39262,39263,39264,39265,39266,39267,39268,39269,39270,39271,39272,39273
39281,39282,39283,39284,39285,39286,39287,39288,39289,39290,39291,39292,39293,39294,39295,39296
39771,39772,39773,39774,39775,39776,39777,39778,39779,39780,39781,39782,39783,39784,39785
40025,40026,40027,40028,40029,40030,40031,40032,40033,40034,40035,40036,40037,40038,40039,40040,40041,40042,40043,40044,40045,40046,40047,40048,40049,40050,40051
40099,40100,40101,40102,40103,40104,40105,40106,40107,40108,40109,40110,40111,40112,40113,40114,40115,40116,40117,40118,40119,40120,40121,40122,40123,40124
40125,40126,40127,40128,40129,40130,40131,40132,40133,40134,40135,40136,40137,40138,40139,40140
40145,40146,40147,40148,40149,40150,40151,40152,40153,40154,40155,40156,40157,40158,40159,40160,40161,40162,40163,40164
40188,40189,40190,40191,40192,40193,40194,40195,40196,40197,40198,40199,40200,40201,40202,40203,40204,40205
40313,40314,40315,40316,40317,40318,40319,40320,40321,40322,40323,40324,40325,40326,40327,40328,40329,40330,40331,40332,40333,40334,40335,40336
40668,40669,40670,40671,40672,40673,40674,40675,40676,40677,40678,40679,40680,40681,40682,40683,40684,40685,40686
40754,40755,40756,40757,40758,40759,40760,40761,40762,40763,40764,40765,40766,40767,40768,40769,40770,40771
40781,40782,40783,40784,40785,40786,40787,40788,40789,40790,40791,40792,40793,40794,40795
41654,41655,41656,41657,41658,41659,41660,41661,41662,41663,41664,41665,41666,41667,41668,41669,41670,41671,41672,41673,41674,41675,41676,41677
41790,41791,41792,41793,41794,41795,41796,41797,41798,41799,41800,41801,41802,41803,41804,41805
41809,41810,41811,41812,41813,41814,41815,41816,41817,41818,41819,41820,41821,41822,41823,41824,41825,41826
42228,42229,42230,42231,42232,42233,42234,42235,42236,42237,42238,42239,42240,42241,42242,42243,42244,42245,42246
43136,43137,43138,43139,43140,43141,43142,43143,43144,43145,43146,43147,43148,43149,43150,43151,43152,43153,43154,43155,43156,43157,43158,43159,43160,43161,43162,43163,43164
43288,43289,43290,43291,43292,43293,43294,43295,43296,43297,43298,43299,43300,43301,43302,43303,43304
43371,43372,43373,43374,43375,43376,43377,43378,43379,43380,43381,43382,43383,43384,43385,43386,43387
43862,43863,43864,43865,43866,43867,43868,43869,43870,43871,43872,43873,43874,43875,43876,43877,43878,43879,43880,43881,43882,43883,43884,43885,43886,43887,43888,43889,43890,43891
44214,44215,44216,44217,44218,44219,44220,44221,44222,44223,44224,44225,44226,44227,44228,44229,44230,44231,44232,44233,44234,44235,44236
44244,44245,44246,44247,44248,44249,44250,44251,44252,44253,44254,44255,44256,44257,44258,44259
44269,44270,44271,44272,44273,44274,44275,44276,44277,44278,44279,44280,44281,44282,44283,44284,44285,44286,44287
44796,44797,44798,44799,44800,44801,44802,44803,44804,44805,44806,44807,44808,44809,44810,44811
44812,44813,44814,44815,44816,44817,44818,44819,44820,44821,44822,44823,44824,44825,44826,44827,44828,44829,44830
44932,44933,44934,44935,44936,44937,44938,44939,44940,44941,44942,44943,44944,44945,44946,44947,44948,44949,44950,44951
44957,44958,44959,44960,44961,44962,44963,44964,44965,44966,44967,44968,44969,44970,44971,44972,44973,44974,44975,44976
45591,45592,45593,45594,45595,45596,45597,45598,45599,45600,45601,45602,45603,45604,45605
46233,46234,46235,46236,46237,46238,46239,46240,46241,46242,46243,46244,46245,46246,46247,46248,46249
47381,47382,47383,47384,47385,47386,47387,47388,47389,47390,47391,47392,47393,47394,47395,47396,47397,47398,47399,47400,47401,47402,47403,47404,47405,47406,47407,47408,47409,47410,47411,47412,47413,47414,47415,47416,47417,47418
47527,47528,47529,47530,47531,47532,47533,47534,47535,47536,47537,47538,47539,47540,47541,47542,47543,47544
47568,47569,47570,47571,47572,47573,47574,47575,47576,47577,47578,47579,47580,47581,47582,47583,47584,47585,47586,47587,47588,47589,47590,47591,47592
47836,47837,47838,47839,47840,47841,47842,47843,47844,47845,47846,47847,47848,47849,47850
48096,48097,48098,48099,48100,48101,48102,48103,48104,48105,48106,48107,48108,48109,48110
48329,48330,48331,48332,48333,48334,48335,48336,48337,48338,48339,48340,48341,48342,48343
