809,829
1073,1086
1303,1316
1594,1622
1712,1725
1762,1775
2583,2597
2926,2939
2967,2989
3092,3111
3962,3978
4270,4285
4631,4647
4846,4869
4916,4946
5073,5089
5113,5136
5420,5440
5475,5492
5827,5842
6171,6187
6749,6765
6796,6811
6971,6986
7804,7822
7858,7872
8478,8496
8569,8583
9015,9034
9355,9370
9657,9674
9811,9826
10040,10054
10244,10266
10441,10455
11055,11069
11347,11363
11578,11595
12633,12648
12927,12941
13236,13254
13558,13581
14209,14226
15030,15045
15896,15913
16545,16563
16568,16592
16797,16815
17186,17203
17846,17860
17860,17877
18029,18046
18106,18124
18137,18151
18163,18177
18170,18186
18249,18270
18347,18366
18403,18417
18426,18441
18461,18476
18606,18623
18637,18651
18686,18700
18767,18786
18811,18825
18826,18846
18867,18891
19017,19031
19750,19764
20022,20036
20037,20059
20238,20254
20523,20540
21106,21124
21415,21435
21800,21817
22003,22024
22069,22087
22691,22717
22721,22738
22807,22828
25263,25283
25600,25614
25789,25814
25816,25836
26587,26611
27150,27184
27948,27967
28232,28264
28483,28500
29284,29299
29455,29469
29714,29730
29952,29966
30557,30574
31242,31258
31639,31653
31911,31930
32084,32098
32191,32211
32246,32286
32369,32411
32443,32457
32479,32506
32515,32531
32688,32706
32717,32744
32750,32766
32853,32878
32890,32931
32934,32960
32982,32999
33045,33061
33255,33271
33272,33290
33336,33363
33818,33834
34005,34021
34177,34194
34218,34245
34375,34396
34420,34439
34486,34510
34552,34568
34763,34777
34864,34881
35034,35049
35592,35606
35745,35761
35941,35958
35968,35989
36006,36022
36109,36127
36143,36157
36405,36420
36502,36518
36603,36618
36626,36647
36861,36876
36987,37001
37109,37135
37136,37160
37208,37224
37243,37257
37323,37346
37384,37402
37427,37442
37549,37565
37991,38005
38050,38075
38116,38130
38210,38235
38299,38316
38318,38339
38371,38389
38445,38462
38484,38498
38530,38548
38561,38582
38590,38611
38612,38630
38738,38752
38820,38842
39000,39015
39257,39273
39281,39296
39771,39785
40025,40051
40099,40124
40125,40140
40145,40164
40188,40205
40313,40336
40668,40686
40754,40771
40781,40795
41654,41677
41790,41805
41809,41826
42228,42246
43136,43164
43288,43304
43371,43387
43862,43891
44214,44236
44244,44259
44269,44287
44796,44811
44812,44830
44932,44951
44957,44976
45591,45605
46233,46249
47381,47418
47527,47544
47568,47592
47836,47850
48096,48110
48329,48343
